cam0:
  T_cam_imu:
  - [0.06092314157491821, -0.9942691278830811, 0.08784800600616732, 8.695285954311881e-05]
  - [-0.1314842773999121, -0.09523873849212247, -0.9867327234297298, -0.00018903901243071778]
  - [0.989444417649251, 0.048564225815369955, -0.1365330009693199, 0.00034289366304709275]
  - [0.0, 0.0, 0.0, 1.0]
  cam_overlaps: [1]
  camera_model: pinhole
  distortion_coeffs: [0.06089755132819222, 0.025924044818178824, -0.0013598848232599411,
    0.0012302454493746612]
  distortion_model: radtan
  intrinsics: [441.50854816517403, 441.0470462522935, 315.5962289188928, 231.0069832233495]
  resolution: [640, 480]
  rostopic: /camera/infra1/image_rect_raw
  timeshift_cam_imu: 0.00011505560002495351
cam1:
  T_cam_imu:
  - [0.07970616712637552, -0.993170704505159, 0.08519905301555947, -0.05279903561987576]
  - [-0.1323542511081972, -0.09525861937566338, -0.9866144878564427, -0.00020151955510859328]
  - [0.9879925501417559, 0.06736280240138709, -0.13904306425356538, 0.0029438969797333575]
  - [0.0, 0.0, 0.0, 1.0]
  T_cn_cnm1:
  - [0.9998194872326366, 3.952359979869093e-05, 0.018999773360653407, -0.0528924802137]
  - [-2.2847823304160937e-05, 0.999999614385425, -0.0008778991865244597, -1.2177602822650176e-05]
  - [-0.018999800731799958, 0.0008773066110482692, 0.9998191025906964, 0.002602883277441308]
  - [0.0, 0.0, 0.0, 1.0]
  cam_overlaps: [0]
  camera_model: pinhole
  distortion_coeffs: [0.06285046906658759, 0.022344962981444807, -0.0012859296776858065,
    -0.0021497959478298315]
  distortion_model: radtan
  intrinsics: [441.7602487985297, 441.50644883952475, 306.99212526755986, 231.33143862271842]
  resolution: [640, 480]
  rostopic: /camera/infra2/image_rect_raw
  timeshift_cam_imu: -0.00013584289175579622
